  -1.0000000e+02   4.9840000e-01
  -9.9497487e+01   5.0610000e-01
  -9.8994975e+01   4.9930000e-01
  -9.8492462e+01   4.9750000e-01
  -9.7989950e+01   4.9500000e-01
  -9.7487437e+01   5.0530000e-01
  -9.6984925e+01   5.0630000e-01
  -9.6482412e+01   4.9940000e-01
  -9.5979899e+01   4.9650000e-01
  -9.5477387e+01   5.0880000e-01
  -9.4974874e+01   4.9770000e-01
  -9.4472362e+01   5.0020000e-01
  -9.3969849e+01   5.0120000e-01
  -9.3467337e+01   4.9970000e-01
  -9.2964824e+01   5.0950000e-01
  -9.2462312e+01   5.0370000e-01
  -9.1959799e+01   5.0410000e-01
  -9.1457286e+01   4.9110000e-01
  -9.0954774e+01   4.9530000e-01
  -9.0452261e+01   5.0230000e-01
  -8.9949749e+01   4.9510000e-01
  -8.9447236e+01   4.9900000e-01
  -8.8944724e+01   5.0910000e-01
  -8.8442211e+01   4.9470000e-01
  -8.7939698e+01   4.9800000e-01
  -8.7437186e+01   5.0400000e-01
  -8.6934673e+01   5.1170000e-01
  -8.6432161e+01   4.9740000e-01
  -8.5929648e+01   5.0180000e-01
  -8.5427136e+01   5.0800000e-01
  -8.4924623e+01   5.1020000e-01
  -8.4422111e+01   4.9270000e-01
  -8.3919598e+01   4.9970000e-01
  -8.3417085e+01   5.0360000e-01
  -8.2914573e+01   4.9720000e-01
  -8.2412060e+01   5.0400000e-01
  -8.1909548e+01   5.0340000e-01
  -8.1407035e+01   5.0220000e-01
  -8.0904523e+01   4.9300000e-01
  -8.0402010e+01   4.9590000e-01
  -7.9899497e+01   5.0070000e-01
  -7.9396985e+01   5.0310000e-01
  -7.8894472e+01   4.9540000e-01
  -7.8391960e+01   4.9820000e-01
  -7.7889447e+01   4.9330000e-01
  -7.7386935e+01   5.0130000e-01
  -7.6884422e+01   4.8920000e-01
  -7.6381910e+01   4.8920000e-01
  -7.5879397e+01   4.9830000e-01
  -7.5376884e+01   4.8730000e-01
  -7.4874372e+01   4.9070000e-01
  -7.4371859e+01   4.8930000e-01
  -7.3869347e+01   5.0010000e-01
  -7.3366834e+01   4.9160000e-01
  -7.2864322e+01   4.9890000e-01
  -7.2361809e+01   4.8990000e-01
  -7.1859296e+01   4.9460000e-01
  -7.1356784e+01   4.8950000e-01
  -7.0854271e+01   4.9720000e-01
  -7.0351759e+01   4.9200000e-01
  -6.9849246e+01   4.8980000e-01
  -6.9346734e+01   4.9090000e-01
  -6.8844221e+01   4.8630000e-01
  -6.8341709e+01   4.8960000e-01
  -6.7839196e+01   4.9250000e-01
  -6.7336683e+01   4.9680000e-01
  -6.6834171e+01   4.8880000e-01
  -6.6331658e+01   4.9440000e-01
  -6.5829146e+01   4.8410000e-01
  -6.5326633e+01   4.8690000e-01
  -6.4824121e+01   4.8060000e-01
  -6.4321608e+01   4.8320000e-01
  -6.3819095e+01   4.8240000e-01
  -6.3316583e+01   4.8600000e-01
  -6.2814070e+01   4.7970000e-01
  -6.2311558e+01   4.8010000e-01
  -6.1809045e+01   4.8000000e-01
  -6.1306533e+01   4.6680000e-01
  -6.0804020e+01   4.7030000e-01
  -6.0301508e+01   4.8100000e-01
  -5.9798995e+01   4.7820000e-01
  -5.9296482e+01   4.6820000e-01
  -5.8793970e+01   4.7400000e-01
  -5.8291457e+01   4.7520000e-01
  -5.7788945e+01   4.7040000e-01
  -5.7286432e+01   4.6960000e-01
  -5.6783920e+01   4.6300000e-01
  -5.6281407e+01   4.5130000e-01
  -5.5778894e+01   4.6700000e-01
  -5.5276382e+01   4.6330000e-01
  -5.4773869e+01   4.5960000e-01
  -5.4271357e+01   4.4680000e-01
  -5.3768844e+01   4.4810000e-01
  -5.3266332e+01   4.4350000e-01
  -5.2763819e+01   4.4320000e-01
  -5.2261307e+01   4.4490000e-01
  -5.1758794e+01   4.3570000e-01
  -5.1256281e+01   4.3420000e-01
  -5.0753769e+01   4.3140000e-01
  -5.0251256e+01   4.3400000e-01
  -4.9748744e+01   4.1430000e-01
  -4.9246231e+01   4.1720000e-01
  -4.8743719e+01   4.0580000e-01
  -4.8241206e+01   4.0710000e-01
  -4.7738693e+01   4.0850000e-01
  -4.7236181e+01   3.9410000e-01
  -4.6733668e+01   3.9220000e-01
  -4.6231156e+01   3.9150000e-01
  -4.5728643e+01   3.7390000e-01
  -4.5226131e+01   3.7800000e-01
  -4.4723618e+01   3.7020000e-01
  -4.4221106e+01   3.5890000e-01
  -4.3718593e+01   3.5890000e-01
  -4.3216080e+01   3.4890000e-01
  -4.2713568e+01   3.3820000e-01
  -4.2211055e+01   3.2980000e-01
  -4.1708543e+01   3.1550000e-01
  -4.1206030e+01   3.0440000e-01
  -4.0703518e+01   2.9490000e-01
  -4.0201005e+01   2.8620000e-01
  -3.9698492e+01   2.7750000e-01
  -3.9195980e+01   2.6290000e-01
  -3.8693467e+01   2.5050000e-01
  -3.8190955e+01   2.3500000e-01
  -3.7688442e+01   2.2010000e-01
  -3.7185930e+01   2.0920000e-01
  -3.6683417e+01   1.8810000e-01
  -3.6180905e+01   1.8560000e-01
  -3.5678392e+01   1.5920000e-01
  -3.5175879e+01   1.4960000e-01
  -3.4673367e+01   1.4500000e-01
  -3.4170854e+01   1.2730000e-01
  -3.3668342e+01   1.1650000e-01
  -3.3165829e+01   9.9300000e-02
  -3.2663317e+01   8.4500000e-02
  -3.2160804e+01   7.4300000e-02
  -3.1658291e+01   6.6500000e-02
  -3.1155779e+01   5.3800000e-02
  -3.0653266e+01   4.5000000e-02
  -3.0150754e+01   3.7700000e-02
  -2.9648241e+01   2.6800000e-02
  -2.9145729e+01   2.2800000e-02
  -2.8643216e+01   1.8900000e-02
  -2.8140704e+01   1.0800000e-02
  -2.7638191e+01   9.2000000e-03
  -2.7135678e+01   8.0000000e-03
  -2.6633166e+01   4.9000000e-03
  -2.6130653e+01   2.4000000e-03
  -2.5628141e+01   1.6000000e-03
  -2.5125628e+01   1.0000000e-03
  -2.4623116e+01   4.0000000e-04
  -2.4120603e+01   8.0000000e-04
  -2.3618090e+01   5.0000000e-04
  -2.3115578e+01   0.0000000e+00
  -2.2613065e+01   0.0000000e+00
  -2.2110553e+01   0.0000000e+00
  -2.1608040e+01   0.0000000e+00
  -2.1105528e+01   0.0000000e+00
  -2.0603015e+01   0.0000000e+00
  -2.0100503e+01   0.0000000e+00
  -1.9597990e+01   0.0000000e+00
  -1.9095477e+01   0.0000000e+00
  -1.8592965e+01   0.0000000e+00
  -1.8090452e+01   0.0000000e+00
  -1.7587940e+01   0.0000000e+00
  -1.7085427e+01   0.0000000e+00
  -1.6582915e+01   0.0000000e+00
  -1.6080402e+01   0.0000000e+00
  -1.5577889e+01   0.0000000e+00
  -1.5075377e+01   0.0000000e+00
  -1.4572864e+01   0.0000000e+00
  -1.4070352e+01   0.0000000e+00
  -1.3567839e+01   0.0000000e+00
  -1.3065327e+01   0.0000000e+00
  -1.2562814e+01   0.0000000e+00
  -1.2060302e+01   0.0000000e+00
  -1.1557789e+01   0.0000000e+00
  -1.1055276e+01   0.0000000e+00
  -1.0552764e+01   0.0000000e+00
  -1.0050251e+01   0.0000000e+00
  -9.5477387e+00   0.0000000e+00
  -9.0452261e+00   0.0000000e+00
  -8.5427136e+00   0.0000000e+00
  -8.0402010e+00   0.0000000e+00
  -7.5376884e+00   0.0000000e+00
  -7.0351759e+00   0.0000000e+00
  -6.5326633e+00   0.0000000e+00
  -6.0301508e+00   0.0000000e+00
  -5.5276382e+00   0.0000000e+00
  -5.0251256e+00   0.0000000e+00
  -4.5226131e+00   0.0000000e+00
  -4.0201005e+00   0.0000000e+00
  -3.5175879e+00   0.0000000e+00
  -3.0150754e+00   0.0000000e+00
  -2.5125628e+00   0.0000000e+00
  -2.0100503e+00   0.0000000e+00
  -1.5075377e+00   0.0000000e+00
  -1.0050251e+00   0.0000000e+00
  -5.0251256e-01   0.0000000e+00
   0.0000000e+00   0.0000000e+00
