  -1.0000000e+02   4.9270000e-01
  -9.7435897e+01   5.1060000e-01
  -9.4871795e+01   5.0220000e-01
  -9.2307692e+01   4.9870000e-01
  -8.9743590e+01   4.8900000e-01
  -8.7179487e+01   5.0190000e-01
  -8.4615385e+01   5.0160000e-01
  -8.2051282e+01   4.9180000e-01
  -7.9487179e+01   5.0190000e-01
  -7.6923077e+01   5.0150000e-01
  -7.4358974e+01   5.0630000e-01
  -7.1794872e+01   4.9740000e-01
  -6.9230769e+01   5.0460000e-01
  -6.6666667e+01   4.9540000e-01
  -6.4102564e+01   4.9700000e-01
  -6.1538462e+01   4.9670000e-01
  -5.8974359e+01   4.9240000e-01
  -5.6410256e+01   4.8330000e-01
  -5.3846154e+01   4.9360000e-01
  -5.1282051e+01   4.8480000e-01
  -4.8717949e+01   4.6400000e-01
  -4.6153846e+01   4.4670000e-01
  -4.3589744e+01   4.3670000e-01
  -4.1025641e+01   4.1290000e-01
  -3.8461538e+01   3.5810000e-01
  -3.5897436e+01   3.1610000e-01
  -3.3333333e+01   2.4190000e-01
  -3.0769231e+01   1.5820000e-01
  -2.8205128e+01   7.8300000e-02
  -2.5641026e+01   2.4100000e-02
  -2.3076923e+01   5.2000000e-03
  -2.0512821e+01   4.0000000e-04
  -1.7948718e+01   0.0000000e+00
  -1.5384615e+01   0.0000000e+00
  -1.2820513e+01   0.0000000e+00
  -1.0256410e+01   0.0000000e+00
  -7.6923077e+00   0.0000000e+00
  -5.1282051e+00   0.0000000e+00
  -2.5641026e+00   0.0000000e+00
   0.0000000e+00   0.0000000e+00
