  -6.0000000e+01   4.8930000e-01
  -5.9698492e+01   4.8950000e-01
  -5.9396985e+01   4.9086667e-01
  -5.9095477e+01   4.9293333e-01
  -5.8793970e+01   4.8996667e-01
  -5.8492462e+01   4.9040000e-01
  -5.8190955e+01   4.9033333e-01
  -5.7889447e+01   4.9446667e-01
  -5.7587940e+01   4.8730000e-01
  -5.7286432e+01   4.9176667e-01
  -5.6984925e+01   4.9026667e-01
  -5.6683417e+01   4.9006667e-01
  -5.6381910e+01   4.8453333e-01
  -5.6080402e+01   4.8526667e-01
  -5.5778894e+01   4.8716667e-01
  -5.5477387e+01   4.8233333e-01
  -5.5175879e+01   4.9053333e-01
  -5.4874372e+01   4.8573333e-01
  -5.4572864e+01   4.8300000e-01
  -5.4271357e+01   4.8613333e-01
  -5.3969849e+01   4.8370000e-01
  -5.3668342e+01   4.8793333e-01
  -5.3366834e+01   4.9073333e-01
  -5.3065327e+01   4.8456667e-01
  -5.2763819e+01   4.8440000e-01
  -5.2462312e+01   4.8106667e-01
  -5.2160804e+01   4.8093333e-01
  -5.1859296e+01   4.7563333e-01
  -5.1557789e+01   4.8126667e-01
  -5.1256281e+01   4.8030000e-01
  -5.0954774e+01   4.7916667e-01
  -5.0653266e+01   4.7323333e-01
  -5.0351759e+01   4.7976667e-01
  -5.0050251e+01   4.7880000e-01
  -4.9748744e+01   4.7560000e-01
  -4.9447236e+01   4.7690000e-01
  -4.9145729e+01   4.7180000e-01
  -4.8844221e+01   4.7563333e-01
  -4.8542714e+01   4.6796667e-01
  -4.8241206e+01   4.7346667e-01
  -4.7939698e+01   4.6886667e-01
  -4.7638191e+01   4.6950000e-01
  -4.7336683e+01   4.6656667e-01
  -4.7035176e+01   4.6393333e-01
  -4.6733668e+01   4.5923333e-01
  -4.6432161e+01   4.6116667e-01
  -4.6130653e+01   4.6483333e-01
  -4.5829146e+01   4.6026667e-01
  -4.5527638e+01   4.5940000e-01
  -4.5226131e+01   4.5700000e-01
  -4.4924623e+01   4.5856667e-01
  -4.4623116e+01   4.5913333e-01
  -4.4321608e+01   4.5600000e-01
  -4.4020101e+01   4.4606667e-01
  -4.3718593e+01   4.4933333e-01
  -4.3417085e+01   4.5330000e-01
  -4.3115578e+01   4.4770000e-01
  -4.2814070e+01   4.4416667e-01
  -4.2512563e+01   4.4803333e-01
  -4.2211055e+01   4.4126667e-01
  -4.1909548e+01   4.4466667e-01
  -4.1608040e+01   4.3476667e-01
  -4.1306533e+01   4.3116667e-01
  -4.1005025e+01   4.3216667e-01
  -4.0703518e+01   4.2996667e-01
  -4.0402010e+01   4.2806667e-01
  -4.0100503e+01   4.2316667e-01
  -3.9798995e+01   4.2646667e-01
  -3.9497487e+01   4.2070000e-01
  -3.9195980e+01   4.1916667e-01
  -3.8894472e+01   4.1516667e-01
  -3.8592965e+01   4.1213333e-01
  -3.8291457e+01   4.1166667e-01
  -3.7989950e+01   4.0676667e-01
  -3.7688442e+01   4.0936667e-01
  -3.7386935e+01   4.0316667e-01
  -3.7085427e+01   4.0020000e-01
  -3.6783920e+01   3.9853333e-01
  -3.6482412e+01   3.9560000e-01
  -3.6180905e+01   3.8890000e-01
  -3.5879397e+01   3.8980000e-01
  -3.5577889e+01   3.8426667e-01
  -3.5276382e+01   3.7906667e-01
  -3.4974874e+01   3.8286667e-01
  -3.4673367e+01   3.7286667e-01
  -3.4371859e+01   3.6673333e-01
  -3.4070352e+01   3.6696667e-01
  -3.3768844e+01   3.6730000e-01
  -3.3467337e+01   3.6323333e-01
  -3.3165829e+01   3.5696667e-01
  -3.2864322e+01   3.5486667e-01
  -3.2562814e+01   3.5766667e-01
  -3.2261307e+01   3.4636667e-01
  -3.1959799e+01   3.4353333e-01
  -3.1658291e+01   3.4350000e-01
  -3.1356784e+01   3.3550000e-01
  -3.1055276e+01   3.3173333e-01
  -3.0753769e+01   3.2750000e-01
  -3.0452261e+01   3.1816667e-01
  -3.0150754e+01   3.1816667e-01
  -2.9849246e+01   3.0980000e-01
  -2.9547739e+01   3.0883333e-01
  -2.9246231e+01   2.9706667e-01
  -2.8944724e+01   2.9300000e-01
  -2.8643216e+01   2.8196667e-01
  -2.8341709e+01   2.7283333e-01
  -2.8040201e+01   2.6940000e-01
  -2.7738693e+01   2.6223333e-01
  -2.7437186e+01   2.5430000e-01
  -2.7135678e+01   2.4406667e-01
  -2.6834171e+01   2.4030000e-01
  -2.6532663e+01   2.2313333e-01
  -2.6231156e+01   2.1493333e-01
  -2.5929648e+01   2.0833333e-01
  -2.5628141e+01   1.8833333e-01
  -2.5326633e+01   1.8750000e-01
  -2.5025126e+01   1.7976667e-01
  -2.4723618e+01   1.6693333e-01
  -2.4422111e+01   1.5530000e-01
  -2.4120603e+01   1.4876667e-01
  -2.3819095e+01   1.3416667e-01
  -2.3517588e+01   1.3216667e-01
  -2.3216080e+01   1.2200000e-01
  -2.2914573e+01   1.1173333e-01
  -2.2613065e+01   1.0523333e-01
  -2.2311558e+01   9.5666667e-02
  -2.2010050e+01   8.7833333e-02
  -2.1708543e+01   8.0900000e-02
  -2.1407035e+01   7.2900000e-02
  -2.1105528e+01   6.6300000e-02
  -2.0804020e+01   6.3400000e-02
  -2.0502513e+01   5.5500000e-02
  -2.0201005e+01   5.0733333e-02
  -1.9899497e+01   4.4100000e-02
  -1.9597990e+01   3.6566667e-02
  -1.9296482e+01   3.4566667e-02
  -1.8994975e+01   2.9966667e-02
  -1.8693467e+01   2.7633333e-02
  -1.8391960e+01   2.5066667e-02
  -1.8090452e+01   2.2700000e-02
  -1.7788945e+01   2.1300000e-02
  -1.7487437e+01   1.9033333e-02
  -1.7185930e+01   1.4566667e-02
  -1.6884422e+01   1.4600000e-02
  -1.6582915e+01   1.2266667e-02
  -1.6281407e+01   1.0400000e-02
  -1.5979899e+01   1.1100000e-02
  -1.5678392e+01   9.0000000e-03
  -1.5376884e+01   7.6333333e-03
  -1.5075377e+01   7.5333333e-03
  -1.4773869e+01   6.4333333e-03
  -1.4472362e+01   6.7666667e-03
  -1.4170854e+01   6.5000000e-03
  -1.3869347e+01   5.2333333e-03
  -1.3567839e+01   4.8666667e-03
  -1.3266332e+01   5.8333333e-03
  -1.2964824e+01   4.1000000e-03
  -1.2663317e+01   5.0333333e-03
  -1.2361809e+01   4.2333333e-03
  -1.2060302e+01   4.5000000e-03
  -1.1758794e+01   4.0666667e-03
  -1.1457286e+01   3.3000000e-03
  -1.1155779e+01   3.3000000e-03
  -1.0854271e+01   3.2666667e-03
  -1.0552764e+01   4.3000000e-03
  -1.0251256e+01   2.8666667e-03
  -9.9497487e+00   2.7333333e-03
  -9.6482412e+00   4.3666667e-03
  -9.3467337e+00   3.3666667e-03
  -9.0452261e+00   3.3333333e-03
  -8.7437186e+00   4.0333333e-03
  -8.4422111e+00   3.5666667e-03
  -8.1407035e+00   2.8666667e-03
  -7.8391960e+00   3.2666667e-03
  -7.5376884e+00   2.4000000e-03
  -7.2361809e+00   2.5333333e-03
  -6.9346734e+00   2.9333333e-03
  -6.6331658e+00   2.8666667e-03
  -6.3316583e+00   3.5000000e-03
  -6.0301508e+00   3.5666667e-03
  -5.7286432e+00   3.0333333e-03
  -5.4271357e+00   3.1666667e-03
  -5.1256281e+00   2.6000000e-03
  -4.8241206e+00   2.4666667e-03
  -4.5226131e+00   2.5666667e-03
  -4.2211055e+00   2.5333333e-03
  -3.9195980e+00   2.9000000e-03
  -3.6180905e+00   3.0000000e-03
  -3.3165829e+00   2.4000000e-03
  -3.0150754e+00   2.7000000e-03
  -2.7135678e+00   2.8000000e-03
  -2.4120603e+00   3.0666667e-03
  -2.1105528e+00   2.8333333e-03
  -1.8090452e+00   2.6000000e-03
  -1.5075377e+00   3.1333333e-03
  -1.2060302e+00   2.1333333e-03
  -9.0452261e-01   2.5000000e-03
  -6.0301508e-01   2.4000000e-03
  -3.0150754e-01   2.0333333e-03
   0.0000000e+00   2.4000000e-03
